Subtype	SBS3	SBS16	SBS18	New	SBS33	SBS13	SBS2	SBS5	SBS1	SBS17b	SBS22	SBS15
A[C>A]A	0.0216672639612211	0.0197138764974752	0.0514300714077119	0.0325998514803276	0.00129393806503391	2.78911498805599e-25	0.00264349461067812	0.0169335338698323	0.0101972772868924	2.13530327343351e-18	0.000435758359318737	3.11182953808042e-79
A[C>A]C	0.0180810453501098	0.00999850070032988	0.0200314682854938	0.00638654629077327	0.00679140430413137	1.41101397360411e-33	0.00297057689643367	0.00925762382866474	0.00688138899540485	1.0379348521554e-25	0.00216116724224668	3.76075008623069e-09
A[C>A]G	0.00147989219299127	0.00363827103679727	0.00313253994813534	0.00248459217308181	0.00219721004859203	0.000105865714027422	3.2936226763602e-17	0.00493279523216575	0.00112662549239083	8.16879824161598e-197	6.68787995608145e-05	2.64995650581783e-262
A[C>A]T	0.0182411972053941	0.00992757856578661	0.0288895821132059	0.0149025682508256	0.00263934801181005	0.00038352139537297	0.00140481637670189	0.00764418878522454	0.00249070539076577	0.0055184462116383	0.00158579643447107	0.00131667314835276
C[C>A]A	0.0141033132090037	1.54510228250112e-10	0.0664421357080287	0.0738156245369227	0.00320166079357412	0.00164764952077211	1.83385953953267e-40	0.0141365826218729	0.000570930315562907	0.0101094582921719	0.000805903348120639	0.00712091985054531
C[C>A]C	0.0168467121174686	0.00356284868460347	0.0202032910574779	0.00783043952520575	0.00780112457563743	0.00133001653878022	0.00163307954712859	0.00805098508762864	0.00119264348611125	0.0011724288279377	0.004241609271426	0.0130481456085534
C[C>A]G	0.00134128079754814	0.0033804100884933	0.00702391705687988	0.00170005129087683	0.00148876061287765	0.000555092427854672	4.78731494277026e-12	0.00365280100153398	0.000642337276588768	0.00086313563312891	0.000473934926219508	0.00263560933841559
C[C>A]T	0.0137771048387028	1.84669176764717e-28	0.0405914146650208	0.00725046668776906	0.0114708297569129	0.000480387489447009	4.24244959181402e-30	0.00875402705935067	8.99703621065103e-33	0.0120648252890198	0.00329937769410891	0.0491482839665383
G[C>A]A	8.10668613806924e-17	0.0114515498299103	0.0946054959279842	0.0232018491227927	2.90059830644081e-68	3.60636131948871e-17	0.000338915242511635	0.00832942482112976	0.00395309265335709	0.0154870234260335	0.00175298789281019	3.76188949651126e-08
G[C>A]C	0.00896147045503857	0.0101571650297883	0.0190485764862358	0.0118574519803538	0.00486816608478465	3.52375145332271e-08	0.00144300802483009	0.00688826246192023	0.00145275067652498	0.00250858300076565	0.000975530829285401	0.00348509095104967
G[C>A]G	0.000219854440446872	0.00204815297552619	0.00531087662417378	0.00191349636779468	0.00110230160699819	3.73014485816974e-45	0.000234192810104124	0.00450866587808865	0.00286404875589644	8.17088887594921e-112	1.30734509243749e-32	0.000408652628956022
G[C>A]T	0.00502869285629025	0.0089899565519	0.051560727324298	0.00806776862090218	0.00187990671053704	5.33483199034016e-18	4.85562325059445e-33	0.00475579251532915	0.00109017173710174	0.0120710941865762	0.0013970220261421	0.0163820785175432
T[C>A]A	0.00684870754851768	0.03042235439323	0.0708477844392126	0.0452001829417174	0.00280557094989102	0.0359339380601601	0.00342794254569262	0.00796410675375334	0.00547865804105159	0.00609996714806091	2.74144322310701e-12	7.25363292020104e-81
T[C>A]C	0.0152829231333181	0.0178293051667142	0.0412213878839953	0.00857033665396222	0.00247722567703645	0.0153183332073865	0.00172151613497389	0.00665928288829721	0.0110846456540898	0.0013170196940098	0.00228840282303863	4.7421908603059e-30
T[C>A]G	1.0608299044788e-13	0.0054227322342683	0.00710723684754219	0.00126884137302952	0.00104920891045005	0.00395096595756406	0.000930909958444182	0.00258089424242766	0.00259498659388904	0.00121045923148035	0.000102468309439622	1.1665349473575e-153
T[C>A]T	0.00971926072542791	0.0440845047758114	0.118517759370579	0.000183889074670823	0.00163197688416728	0.0147173860399929	0.00454973615140416	3.50054000300036e-30	0.0246195378727007	0.0276250183798141	3.40872401811001e-05	0.0139332030202793
A[C>G]A	0.0251451138225587	1.51323059590774e-06	0.00839787892065063	0.00285889400950091	0.00600695582693554	0.00631816135522735	5.84720298167402e-32	0.013360706594929	0.00676779773874196	0.000275599662313002	0.000917261705580948	8.72634797760221e-106
A[C>G]C	0.0152008361622127	1.37285170000335e-28	0.00829776241722444	0.000346076114524887	0.00345253889399465	0.0018294196586953	4.73827429292403e-36	0.00506784467608045	0.00532148001556038	0.000474200022773182	0.00025010714107684	3.59911919523368e-41
A[C>G]G	0.00627674770500793	1.89208847382993e-17	0.00147332535873422	0.00106071616485275	0.00153492834953296	0.000649431122186347	2.23797685973132e-14	0.00422203690920852	2.86898927486776e-47	6.66994336982974e-05	0.0006056873749106	4.70838418953294e-231
A[C>G]T	0.0264738641919184	0.0203485985051747	0.0063885557697542	0.00023162167645715	0.0013549533718306	0.00453291556537706	1.1604352908016e-41	0.00649335150827754	0.00139661929684831	0.00187745033377808	6.46881304925803e-125	0.000541709434725182
C[C>G]A	0.0163763017814966	0.00215671149627349	0.00405314889623825	0.000156733666300563	0.00242638646796911	0.00730808132891421	1.71775986070332e-17	0.0049489591842906	0.000907537126372849	4.57485102107186e-26	0.00162500369083675	4.91412158470119e-111
C[C>G]C	0.0132337818774978	0.00330296172618977	0.00345652083661256	2.50918761557856e-161	0.00250972302699079	0.00165152158165517	0.000716547603015034	0.00436550946711841	4.06629062050355e-08	3.87955406137634e-42	0.00182991849163368	7.55861842216062e-60
C[C>G]G	0.00403715262066091	0.00179871619192541	0.00148957616920605	0.00073088086373205	0.00139676029879112	0.00081983319620053	5.0293989548027e-05	0.00334226853184575	1.77169721000487e-24	1.70938673501369e-96	0.000213915592300425	7.83515969504586e-165
C[C>G]T	0.0195534875928548	0.0175274929159925	0.00403497500251159	1.73294155577909e-305	0.00239680485843604	0.00719108727575379	1.30482065475297e-71	0.00338117758724898	1.74055733977548e-42	5.37766387880307e-44	0.000741657510901356	3.65101002699096e-54
G[C>G]A	0.011208565448267	2.3772029785468e-49	0.00353679154248207	0.00255742355091275	0.00337287608454612	0.003165099317188	9.19923456428521e-30	0.00681037177757448	0.00086676866838727	1.46983910834357e-06	0.000526257298615226	8.25540339608637e-114
G[C>G]C	0.0103191510293366	9.55461045935478e-15	0.00326347379242983	0.00144856319340769	0.0034955706012207	0.00133824390000202	4.37419045283405e-31	0.00561472119340315	0.00154013042375429	0.00237720732231862	0.000577158914554038	0.000324940276684538
G[C>G]G	0.000909642376834895	6.81664498802506e-89	1.30126356039609e-139	1.30088623355577e-100	0.0023897114616971	0.00035264659968003	2.70193562099754e-93	0.00599570882822191	0.00015811837758571	2.87052140233764e-321	0.000434687609197868	1.55630678439993e-321
G[C>G]T	0.0160702098261546	0.00444124463285903	0.0029935438177445	0.00132584789457144	0.00151154835488617	0.00472866703588955	7.35336241168384e-33	0.00607703646891245	1.80854855016341e-17	5.92150606433135e-57	0.000473885610974519	2.68673345000245e-34
T[C>G]A	1.17587169587489e-07	2.88639685416631e-10	9.38192029795353e-12	0.00486997011982619	9.20290802910854e-12	0.343228399581668	5.43722749645645e-08	0.0107397666705892	0.000793169165549793	0.0347422725428376	0.0101140356550228	0.00294936758234479
T[C>G]C	0.0210128131321352	0.000367643829466228	0.00481448930007134	0.00148688052226198	0.00233673026096724	0.0634783623193142	1.81876477225902e-17	0.00726195217699793	9.265706389774e-11	1.06335219197373e-14	0.0030481112576705	4.21652358082592e-18
T[C>G]G	0.00127993223836928	4.2782958303184e-08	0.000841013295649333	0.00108722593130197	0.000969449671928326	0.0217224556756649	1.20779900697795e-14	0.00302600283548864	2.49429024198238e-10	0.00120199821064522	0.000565308784972729	6.7700934964811e-40
T[C>G]T	0.0149661782895418	0.114155448326798	0.000762310560492887	1.14450116183649e-09	4.71187551779458e-11	0.329906216444626	0.0201972211865265	1.63148863835275e-11	5.81208743912958e-09	1.18380556836042e-08	5.54008765220353e-10	6.98722933318644e-41
A[C>T]A	0.00931337465583532	3.59656209613758e-05	0.0160770935511649	0.0261865099999685	0.0188531448528638	5.95929732444807e-05	0.0109205429762783	0.0508738268279365	0.0191288807511959	9.63645327201877e-06	0.00120840210557612	0.0304558146233699
A[C>T]C	0.00706344265803636	0.00557336960392032	0.00912933479461327	0.0188476320694106	0.00706203321585104	8.23181096269304e-35	0.0033796596969216	0.0193683128989963	0.0140984086621633	0.00277796529957913	0.000550333509719941	0.00827743371886611
A[C>T]G	0.014871707733063	3.83614581710411e-07	0.0125342399943669	2.34233656065963e-05	0.00668671486898813	3.96853370460754e-08	2.25480582730773e-16	0.0272786539410589	0.198996916900924	0.00732062579804372	3.63341904447504e-06	0.0427334160822435
A[C>T]T	0.0134854320744918	0.00957885030473856	0.0143754309987375	0.0203838319421745	0.00400857776383068	1.40560807759043e-68	0.00562292257385673	0.0259789022504087	0.0183263199706696	0.00404344816267772	5.27072795865074e-06	0.00278222717502527
C[C>T]A	0.0114349230708693	2.77169240886262e-10	0.0164332644024779	0.0292153980916295	0.0101952657957393	0.000984698542230522	0.0208833905974256	0.0330171301818816	0.0172470298748098	0.00115058480983547	0.00649469035126253	1.95040748082043e-27
C[C>T]C	0.0069775671095043	0.00220163847520981	0.011644189704483	0.0216197710683427	0.00549920782394489	3.55898664575522e-53	0.00564500645658419	0.0251741995578957	0.0207646702076585	0.00338506819290935	0.00489542418757647	0.00552476948659497
C[C>T]G	0.00164353267359476	0.00151805861167227	0.00547207288578157	0.01641451233591	0.0199223114267933	0.00149008612563633	0.00244773817727382	0.0284262420885509	0.132589999111704	0.00838936877536953	0.00176429537767343	0.0258161271723097
C[C>T]T	0.0122228780621341	0.0178501373252918	0.0154659507452744	0.0271385539119625	0.00216900863217033	6.18185683030153e-23	0.0114296399488981	0.0276629890336477	0.0196154956442752	0.00248348701007186	0.00239187404511429	0.00234575819565094
G[C>T]A	0.0132221484734616	0.00446536355200138	0.0176656960517388	0.0111042908336386	0.0152335420800326	0.001852473105463	0.00808698437602346	0.0226180872826559	0.0105974547411552	0.00371491322331405	0.00147500082220747	0.0453803256913396
G[C>T]C	0.00732673753913648	0.00856864771784175	0.00883890708327532	0.0122062480505338	0.0151623040169799	0.000814011636205138	0.00291116740917162	0.0162932491104467	5.64539575376909e-11	0.00284260492273199	0.00188305675449561	0.096626153686248
G[C>T]G	0.0108607856599528	0.00740981200091353	1.10475720808238e-08	7.4431039588493e-16	0.0213361143743176	4.23670308018706e-07	1.52739114550777e-05	0.00863744749667395	0.111454378475513	0.00812804437412104	0.00193825467615935	0.218195485484694
G[C>T]T	0.00836127319663743	0.0158308820625496	0.00898041339666193	0.0138554039719537	0.00725511310385937	5.60060207008007e-26	0.00518474216686416	0.0178745594134074	0.00779938962202046	0.00447117384949897	4.75881807435863e-43	0.0630331709781779
T[C>T]A	0.0335239896310479	2.83289848875038e-06	1.57583658880618e-07	0.000195922100495739	0.0131802248797225	0.0796800673077488	0.444433452888767	2.84270598696752e-07	2.01593891698253e-07	0.0147775927358519	0.0141075276751806	7.8431235635155e-21
T[C>T]C	0.0211193342236304	0.0030600522964309	0.0160966527220454	0.0269088613087536	0.00487950927533857	0.00636114356462287	0.0904261618895865	0.0136508965340601	0.0211067598213234	0.00673888630727935	0.00386330758040122	0.00612402746338192
T[C>T]G	4.73274366445449e-15	0.0122916365191097	1.21354621285357e-17	0.0167961163321084	0.00308096270455952	0.0107084361102214	0.0546204509235831	0.0181271291034371	0.0969894782014259	1.4131120481015e-11	9.0199822231857e-05	0.00797936671369328
T[C>T]T	0.0191741781115485	0.0513025275256628	0.00179056480714515	0.0337013011549245	6.28201651068037e-20	1.12094045107691e-13	0.264501524695723	0.0140453278711535	0.0190690210713482	9.32079562390737e-08	2.40343075117149e-13	5.07067673242115e-10
A[T>A]A	0.00157286619455226	0.0229784224940775	0.00137884333430942	0.0616023544720531	0.00519979540406735	4.03446990781867e-18	0.000398924145652736	0.0101981367425038	0.00259450493121462	1.33831301828626e-09	0.0526886283603916	0.00953821418954917
A[T>A]C	0.00564561024476045	0.0107909421579282	0.00494498482331562	0.00677823302957663	0.00283237966068663	1.17599341100627e-07	0.000554893466585323	0.00583863927530877	0.00178437260249656	0.00158501578338128	0.00902229563201103	0.0160322883446233
A[T>A]G	0.00219462563350364	0.0128293568855955	0.00318797027714166	0.00649625947089453	0.00177931395433035	0.000318909150342034	0.000467143628144373	0.00875996302432669	0.00682615433223529	8.20325981859081e-19	0.0710340156745757	3.11947990581768e-95
A[T>A]T	0.0110936431903751	0.0214491847643619	0.0181356486120998	0.0103224651353529	0.00687014694591028	1.2506217561616e-93	0.00142560063073308	0.00597384091386469	0.0101820127528419	0.0090183143736277	0.015211788162181	0.0253129466106862
C[T>A]A	1.22482446547437e-21	4.59864334582967e-09	0.000754139927843154	0.091373233819646	0.00880035884076835	0.000673062180668314	5.26329174489373e-41	0.00530811123141114	0.000878282376573365	5.69160259333382e-13	0.0936733729331502	0.000376749695558971
C[T>A]C	0.00808564382109508	0.00731096314445019	0.00622235845895	0.00505657820060589	0.00320200776045234	0.000352014503764366	0.00137654378254743	0.00613961017386062	0.00141888089821714	0.00715142934754864	0.0477701770299585	0.00358311925431738
C[T>A]G	2.10589606080607e-05	1.06828289647392e-10	2.37519197491241e-07	5.11643301676383e-11	0.00465433887971928	0.00101550220739006	0.000671271692155549	0.00441386210951373	0.00590555362644421	0.00427311901536615	0.174672995350105	2.32043926487924e-41
C[T>A]T	0.0155397425963632	0.00818214045310449	0.00745101843775929	0.00588187761700194	1.99955569753805e-88	9.30944962102324e-20	0.00293449774717808	0.00649410364680305	0.00374166542386879	0.0239669255419489	0.0597172107903413	4.16398345574921e-84
G[T>A]A	0.00122270137694631	9.76967746655863e-59	2.72036133380548e-63	0.0438489325369346	0.00175086101071655	0.00027236566646308	6.38906308149284e-16	0.0022953043518577	2.56451432554055e-120	9.54502568895336e-27	0.0545130247587029	0.00117577826366548
G[T>A]C	0.00496491504574458	0.000875016757162857	0.0021695464214202	0.00487517690898395	0.0016721205342889	0.000243686202360145	0.000438289086238817	0.00378605934430851	1.993266292832e-20	0.00179635018364028	0.00954998499899895	0.00668543369476058
G[T>A]G	0.000787686223024496	3.8048131445654e-05	0.00140950294915704	0.0115266548400053	0.00427357049948813	0.000821842205136781	3.55910103361933e-19	0.00778737005104866	0.0010726043588837	0.000461772772826086	0.0610053078666704	0.000639160583043617
G[T>A]T	0.0109151954352345	0.00199292848259459	0.00607163325268173	0.00875328395230582	6.1901950135452e-61	0.000184067364643302	0.001482037963744	0.00478755255081391	3.21593108940564e-19	0.00487182264719212	0.014299162870131	0.00196314732743014
T[T>A]A	0.0150173594564151	0.0161415382842927	1.41440002460011e-06	0.0899368595276965	7.18750319722934e-33	1.94883612127244e-15	0.00143208238953204	1.33310189473328e-68	0.0227780666405037	0.0127768997021926	0.0588323160373947	0.0146444353674725
T[T>A]C	0.01042925536996	0.00420424430649923	0.00656575109715215	0.00698972768742063	0.00151628339242242	2.22960375970277e-21	0.00169481313458747	0.00444980084327014	0.000123093924243131	0.00202333078997589	0.0236129383160487	0.00291134655827753
T[T>A]G	0.00300956744554103	0.00330934164972603	0.00197766913918934	0.00621655208111779	0.0029400638464335	7.68315010770457e-15	0.00107248770636044	0.00380982767578713	0.002458677225465	0.00153508384452515	0.0709131161025976	3.70033789095767e-32
T[T>A]T	0.0221072771056232	0.0111536749429578	0.0115170401639462	0.0226128174676069	0.00109539478775762	8.50997980764114e-34	0.00281602521428924	0.00686613632818909	0.0120601692706194	0.0132559319311361	0.031303167326606	0.00684678727055969
A[T>C]A	7.48343571004859e-12	0.144908925386372	1.39679369234847e-12	0.00167591197369611	0.0104753688522159	1.03325426423167e-74	5.39843680545843e-60	0.0351475170872008	0.000159070295026777	0.00414626861023658	0.0122785103459628	0.0228657815285591
A[T>C]C	0.00984021464986231	0.0067115058741348	0.00302832747380819	0.00501824762372013	0.00663539514604972	0.00115507069967787	1.94704383992605e-09	0.0139763014280487	0.00749709730878482	0.00518245272579654	0.000197048268064959	0.00775300494066184
A[T>C]G	0.00276409925143071	0.0322824998574848	0.00277409638931506	0.00493613070304949	0.0754738403826602	0.00185113957878036	2.98366238456173e-23	0.0296520868488604	9.68758209162579e-05	0.00400489802822959	0.00317473343817157	0.00795466445578559
A[T>C]T	0.0190003028385042	0.0676441898904724	0.00680784870606049	0.00111852248900588	0.00211660851349399	0.000443539954943868	0.0012816341367753	0.0240117261572492	0.0106437752831625	0.00979125780071205	3.89107187217175e-53	0.00705375083423792
C[T>C]A	0.0121705795461781	0.0122077957321809	0.00125267040822455	0.00503023377935729	0.0133269206951321	0.000739132674944143	2.10238209482182e-19	0.0167779717178679	0.00274928569394651	0.0083303547267525	0.00530983719103807	0.0102734812879869
C[T>C]C	0.0158252280032136	1.17396793145732e-13	0.00270041724651436	0.000618293472510664	0.0253346142876954	0.00205631201727906	1.31528382345474e-08	0.015543268924369	0.0077070523713126	0.0233296116284548	0.00225537476012694	0.00411504741087619
C[T>C]G	0.0037274294554798	2.41233111795011e-22	5.7386499076073e-52	0.012804022667943	0.0496779267021139	0.00168590049494219	6.88759054645532e-52	0.0280296606246151	0.000188763338271668	0.0117165007834265	0.00222218232379245	0.0114332877238736
C[T>C]T	0.0116580642116789	0.0164189216044972	0.00329102171060931	0.00555672420213681	0.0106295588145966	0.000850251811841852	4.36047116301164e-21	0.019381331531884	0.00140950569735485	0.0761757887330452	0.00235686409241801	0.00616304411907833
G[T>C]A	0.0146195787635514	0.00813850877335393	0.00368826336152085	0.000757691757606041	0.00758507492068229	0.000402140245720456	4.97737017760606e-23	0.0121760517337128	0.00684655961145754	0.00476667854948038	0.00293118912426261	0.0368601499237852
G[T>C]C	0.00973860699782256	7.03935388461791e-09	0.00183583197966594	0.00357344039044102	0.00831008384304717	0.000715364068973465	1.17000195690625e-32	0.0116446283215344	0.00608348469088806	0.0109644086661438	0.000469346340471744	0.0266095473355274
G[T>C]G	0.000235449292450134	0.00770717116773849	0.00397421330631337	0.00258665881085076	0.16576617844259	0.000708171194686567	0.000746453631034463	0.0119669878047324	0.00390439679741696	0.00495780460957215	7.15992752230647e-19	0.0109762317729237
G[T>C]T	0.0163987203455484	0.00635434896682029	0.0058935429937605	0.00260146168130688	0.00604130647506653	0.00110076065883795	3.17571989899228e-32	0.016695837411579	0.0117629405516265	0.0133627643454268	0.00132386320364136	0.0183884514513924
T[T>C]A	0.0340081048955051	0.00890411628147954	0.0023036263093106	0.00329367373568199	0.00651123817127094	0.000357114129075137	0.000471203495079511	0.0100050434149352	0.00582499530933405	0.0172833055294877	0.00731757580225084	0.0210997921343361
T[T>C]C	0.0192887675012313	0.00210976489595929	0.00320813014884175	0.00207751175340364	0.0097788718142294	0.000823415043474593	1.06332593750167e-06	0.014426951074744	0.00899450468221554	0.0132469870315274	0.000391055637185142	0.020300008874304
T[T>C]G	0.000284801188070106	0.00875141688620461	0.0095718015455461	1.06928241091585e-06	0.244253639205813	4.90712396859e-25	0.00139918023321119	2.50448672855855e-08	7.48684685974133e-06	0.00744928582425069	0.000932675024979161	0.000853415927393967
T[T>C]T	0.0239713567257992	0.0100500287886704	0.00568710110546022	0.00432741516442594	0.00612656605795094	0.0018553946377784	4.82944712011607e-19	0.0186396037991742	0.0149079681509194	0.0187814468660848	0.001873784987461	0.0185092415943061
A[T>G]A	0.0177496500516215	0.00760098224537796	2.58616330597702e-119	0.00190204600942966	0.0040527083358722	2.40069207110383e-114	0.000567494550066984	0.00370789667770949	0.00120652610301905	0.00808609097998968	0.00208699127914242	7.26929350929205e-26
A[T>G]C	0.00336278880841438	0.00153396668276176	0.00046359775040875	0.00183868272631831	0.00189170362932636	0.000350219140950969	0.000211649671240024	0.00395187708237956	0.00152362350746898	0.00300931201452916	0.000164370090788224	4.92422260741919e-155
A[T>G]G	0.00870845275899692	0.00543387006220265	0.00220801259215131	0.00151273342649588	0.00379647053229326	4.57661628820211e-19	0.00104488210890475	0.00801454898416004	0.000985531382036525	0.00128454216153608	0.00237092502680954	4.58616060686708e-121
A[T>G]T	0.00889997331722285	0.00798362086869817	0.00281436319632635	0.00118276936297043	0.00215927205656401	0.000538724491885023	2.10830481497004e-05	0.00463090378660342	0.0038735956020865	0.0410269227822824	6.19695659592655e-05	1.23415541127181e-17
C[T>G]A	0.00715993270692361	0.00443547258691191	3.07683921154854e-08	0.000692023647652351	0.00454244172495317	6.40539249248505e-05	4.24242692040708e-26	0.00129997870961033	0.00238660481343362	0.00461488619266586	0.0029905610100951	8.7176942193021e-05
C[T>G]C	0.0046570774060446	0.001108314424379	0.00121566373550391	0.000856211730734816	0.00358576516370608	0.000714664071859774	5.1916344204704e-05	0.00311651176920925	0.000755683087786828	0.0157586479585153	0.00178673075295891	0.00106959374695381
C[T>G]G	0.00862133474678879	0.00404758650680658	0.00140248297599135	7.67460289426515e-65	0.00495780097491979	0.00078353259906785	0.000922032777231407	0.0063852272059558	0.000997684285508459	0.00765261318403053	0.00405924110027758	0.00134224445623228
C[T>G]T	3.17603415806373e-12	6.27442673345077e-08	5.88030046217486e-08	4.04462683322164e-94	0.00640085664329442	0.00172860286777845	2.19271955891084e-13	4.96923668124308e-31	2.19461132449255e-22	0.203746192957264	0.00262510258712638	9.9163874767322e-51
G[T>G]A	0.00465224890461528	0.00094069187619621	0.000466198848172099	0.00183074595722744	0.00138708174612564	0.00031690671699974	0.000106245833437924	0.00406235953281873	0.001772507670844	0.00142757672550118	0.00178438354024952	9.44841734141459e-140
G[T>G]C	0.00238298719712511	0.000334481142360219	2.23641166683404e-79	0.00221785646261666	0.00214904690065295	0.000321892583191411	7.10551885532329e-45	0.00379430113764153	0.000914715308420669	0.00514896082847354	0.000203698954849072	0.000608247301716274
G[T>G]G	0.00537577431235121	0.00189264911652451	3.72610543308684e-115	6.64560440810226e-242	0.0149393380807987	0.000487290520139564	0.00128705627705938	0.0145994887609441	0.00236255057634085	7.94526721663725e-70	0.00202405891224373	1.14362362010995e-202
G[T>G]T	0.00395750376925554	1.48270039182397e-09	3.79149476274554e-22	0.00117797069470594	0.00428861199184335	0.000996111057549853	2.65254527058405e-37	0.00564013740270125	0.00141426508670113	0.0642004663691634	0.000688049289140091	0.00638764640460752
T[T>G]A	0.0308707824919454	0.00438717553079473	6.75061484527378e-136	0.00353361422964767	9.97141646731258e-25	1.95084235453596e-130	1.9150310993761e-23	3.39055639295468e-71	1.72155838610777e-17	0.0182128473580062	0.00190231750632749	0.000974684181072313
T[T>G]C	0.00772863669509867	0.00123171337733987	0.00252516331457288	0.000979102219297304	0.00189438155131337	0.000273788887992438	0.000599829003859389	0.00541412856058062	0.00241928030510373	0.0059437000798496	0.00110596451386662	3.51505702263025e-115
T[T>G]G	0.0137147595244353	0.00608872779100767	0.0021558291479707	0.000610836603930803	0.00329436639651992	0.000204232578540729	0.00111469567939371	0.00925881268773513	0.00369188533475906	0.00741614021982912	0.00307689967426424	4.61342412795396e-121
T[T>G]T	0.0217557261458784	0.0151179362385926	0.00467233676281478	0.00342482288248817	0.0036527210366932	2.9883741996677e-38	0.000637990053062455	0.00635689717717778	0.0133118735586494	0.088967426794674	6.86750568494671e-59	0.00204330580995612
